-0.6085032913751605,-0.3463513048330879,-0.6158044276468819,0.9747341201521738,-0.30284515644298143,-2.2306102302014645,0.5810571814849435,0.8599680352645718,-0.03417651243095865,0.29274812350147955,-0.3917355191526993,0.6872646217179823,-1.4880063316452472,0.5569082775319047,0.7240790544111889,-2.424980539986209,-0.59224450468529,-0.41878293606623346,0.5804395709711666,-0.5444433054415991,-0.04673824007584526,0.6743059801086326,-0.18099798651072752,0.49793232354354405,-0.2774283082242344,-0.11717145732679157,0.7311699677078956,-0.13687387505725018,-0.37465398819100687,-0.016323701832976822,-0.21094007965838663,1.2021814998791416,-1.6756533092757298,-0.003946635874005233,-0.20151108294486958,0.4426176879573627,-1.4009140419302613,1.2808036612218339,0.3817106208737264,2.0557048998428367,-0.3911409461840894,-0.6020976078251168,1.26676845185095,-0.8430420167362664,-0.7162134676003833,0.3090372992704966,0.341973151317905,-0.7355292367022747
numHidden 	5
numGenes 	48
minGene 	-1.0
maxGene 	1.0
tournamentSize 	2
popSize 	200
maxEvaluations 	20000
mutateRate 	0.09
mutateChange 	0.3
seed 	1649418655105
random 	java.util.Random@75a1cd57
neuralNetworkClass 	class coursework.ExampleEvolutionaryAlgorithm
Training Set Training
Fitness 0.010932352624417814